0.000000000000000000e+00
4.745422714595023267e-02
4.092649460809172357e-02
2.616654635784576022e-01
3.596624076773267259e-02
2.155144671793540398e-02
2.385300736661889395e-02
2.286675322088635096e-02
2.246985720574808110e-02
3.240023518980014033e-02
4.073306456611121285e-02
3.408704567642378169e+00
3.718324540012162061e+00
3.539546314288925188e+00
3.922813142572550760e+00
3.345435413987779771e+00
3.889174137158414091e+00
3.336424765899828060e+00
3.367024970226717429e+00
3.454606774297018568e+00
3.430749806916661981e+00
3.743330017863657488e+00
3.579050060996680216e+00
3.406914640894748381e+00
3.224508956946595895e+00
3.804931032693036119e+00
3.735446441282966212e+00
3.464559615958934913e+00
3.613913084923857433e+00
3.518700954679958137e+00
3.286633729341962962e+00
3.434091826140885040e+00
3.067748249618616363e+00
3.429299612389782759e+00
3.321820588954905062e+00
3.304004906556880616e+00
3.282287161859528180e+00
3.326926941054638043e+00
2.963140125738869202e+00
3.226298506099390284e+00
3.161549654497584960e+00
3.245035867979654043e+00
2.961683273921269066e+00
2.965108426813372500e+00
3.052077864875400337e+00
3.254414799205376241e+00
3.044778957244368200e+00
3.105201592688480172e+00
3.169547430501561180e+00
2.813230625437054044e+00
3.237826620477619599e+00
3.181199764420066689e+00
2.710866793067220115e+00
2.880245135020499614e+00
3.191624349259589710e+00
2.660985141072857108e+00
2.939609216128129532e+00
2.883957866117012436e+00
3.070420389736384870e+00
2.919471820921197391e+00
2.606354816879385972e+00
2.699680667243238297e+00
2.779325324130633046e+00
2.585286041302763405e+00
2.754952266732434651e+00
2.443560721193803076e+00
2.585658470340286730e+00
2.725262197816639809e+00
2.360054728338929042e+00
2.609841677617318556e+00
2.892826728930046443e+00
2.834735109630288186e+00
2.891523023608106424e+00
2.754210289693845848e+00
2.489493127775729064e+00
2.558600762328206990e+00
2.563116148179999776e+00
2.910581951768127507e+00
2.778830025899053702e+00
2.532165182470780707e+00
2.590891678753509453e+00
2.573048690801654992e+00
2.902584808984477682e+00
2.357074248215870860e+00
2.555892538103577305e+00
2.441073113936598649e+00
2.313071195286720005e+00
2.210870764545231903e+00
2.278063028171317672e+00
2.249529064822481050e+00
2.494552960782148610e+00
2.300508840500123497e+00
2.364236155789069205e+00
2.380569867324410893e+00
2.061777954382615352e+00
2.290940666419814420e+00
2.510878011234320084e+00
2.530125496598685242e+00
2.195666607867631015e+00
2.320887255920768055e+00
2.234313220685641532e+00
2.187492316204678211e+00
2.092322617957077746e+00
1.966472668169334526e+00
2.120503316210376354e+00
1.968368222519780275e+00
2.100231719463649505e+00
2.424456624057253151e+00
2.216646719741882876e+00
1.856382228548442814e+00
2.297774049670988195e+00
2.332116642535138062e+00
2.109714210053229344e+00
1.956555547841003051e+00
2.094616288724114206e+00
2.231299281061098760e+00
2.172831686295422227e+00
2.022189531433494114e+00
1.952310459278029375e+00
1.838659254015241551e+00
2.122761806726787270e+00
2.176080497355738608e+00
1.905726422835278822e+00
2.181041291938983218e+00
1.869851225773206949e+00
1.830086114739916558e+00
1.875428861583545936e+00
1.691846738270082362e+00
1.856622836109532937e+00
2.037952900975449566e+00
1.788877057417830763e+00
1.571910086186345978e+00
1.743557383879824840e+00
1.777502582597026315e+00
1.727428237790475274e+00
1.976912169490604221e+00
1.784849380645679773e+00
1.558665411927631084e+00
2.060318508312739993e+00
1.818310969400914301e+00
1.588945437341896749e+00
1.705628071713466642e+00
1.638590193007875895e+00
1.896751122039214366e+00
1.832337740392703029e+00
1.880052804748782336e+00
1.669827559769600622e+00
1.722359894300609318e+00
1.932195091843186052e+00
1.725548248101957949e+00
1.597710695206677078e+00
1.534130382459561126e+00
1.747061133772954244e+00
1.602747803587392772e+00
1.637427595538185177e+00
1.687987164988006716e+00
1.946874359321943970e+00
1.520333619862616947e+00
1.407711426249296682e+00
1.851523213848775606e+00
1.505302274746443736e+00
1.580447358800617819e+00
1.680996384200263982e+00
1.697612334661180000e+00
1.702864656637198770e+00
1.586111617934398144e+00
1.657230200570769973e+00
1.645839778756969851e+00
1.641999833905952277e+00
1.685420112381480262e+00
1.526155036110737440e+00
1.501496415238013915e+00
1.618427494470012995e+00
1.445329392562063830e+00
1.429415109286116259e+00
1.699426456735209090e+00
1.743932527732881654e+00
1.687193555316933713e+00
1.463930785506575960e+00
1.481157015944590816e+00
1.503800052531112152e+00
1.256703017152023927e+00
1.404000974282693992e+00
1.483208365019745623e+00
1.277387389722506761e+00
1.430822791476333844e+00
1.394697662573377350e+00
1.357332672656383465e+00
1.257048314260215571e+00
1.270059765796417883e+00
1.360374620026978842e+00
1.233369511673759522e+00
1.256780799148929706e+00
1.212485837056331839e+00
1.361227879207550728e+00
1.369266576918907408e+00
1.243627762870052056e+00
1.319842853211343092e+00
1.179663678531269522e+00
1.156619530157241060e+00
1.368557468984529235e+00
1.212090443035323872e+00
1.300742664989289921e+00
1.230402881712326923e+00
9.767771768894595308e-01
1.503226454007027257e+00
9.187476518798507463e-01
1.170115167106994480e+00
1.159830156947749824e+00
1.186565576105795383e+00
1.344795520506268272e+00
1.350782409916454707e+00
9.928214444562757368e-01
1.174025351598994682e+00
9.308272514256750174e-01
1.265666238802618970e+00
1.136127897509896068e+00
9.215109470396632974e-01
1.272126666010886531e+00
1.218715022687614002e+00
1.246241321807734614e+00
1.114526857335681687e+00
1.264921534226999933e+00
1.050500499335743188e+00
1.084982960122986784e+00
1.156833494188497458e+00
1.016270034590091242e+00
1.087823037756032285e+00
1.028166497938260981e+00
1.013765544641133332e+00
1.170698568464381140e+00
9.712991767105824126e-01
1.085449932055543742e+00
9.885657680397681446e-01
1.280304143062510835e+00
1.068645146027837001e+00
1.088485264171847433e+00
1.076122907471490420e+00
1.002224600351299788e+00
1.019612333312032604e+00
1.148964598528890324e+00
9.325009868509599453e-01
9.048225526509707795e-01
9.003223025127766732e-01
9.574217256460537673e-01
8.022813142307281264e-01
1.007056712987413727e+00
1.065091367000380984e+00
9.600265713319662275e-01
8.902366331937897614e-01
9.271422705067449144e-01
9.386647655827595749e-01
8.825211346355726905e-01
7.345082925263759499e-01
7.629158734723224811e-01
9.531559555914856929e-01
9.715258959029248187e-01
9.188112657236532366e-01
9.469481181178862617e-01
7.747226041996417845e-01
9.520507746683144479e-01
8.547155987537463639e-01
9.129563965800480130e-01
8.839104795276702120e-01
8.111823724236144617e-01
8.198407195648382828e-01
8.236803917736206238e-01
8.513592729329174658e-01
4.717096806509235574e-01
5.666872661599007266e-01
5.879057436575426676e-01
6.381449036368729288e-01
5.206910870163498073e-01
6.636891355684122473e-01
5.603732840653438130e-01
6.253956102015745255e-01
6.032311849758968947e-01
5.713298075143699029e-01
5.118255544702448034e-01
5.670434198472426024e-01
6.795294704772392169e-01
5.367054421878141302e-01
5.720532610978164012e-01
6.378011744133111893e-01
5.712332610777354214e-01
4.453470486255353689e-01
5.221287743688619587e-01
4.342788991298517920e-01
4.792166904457591525e-01
5.153406363490573572e-01
5.117256851334605061e-01
4.756096536501249750e-01
6.335648615787421445e-01
5.842215737304805590e-01
4.755168315291785075e-01
4.823900172980150614e-01
5.383836088903842798e-01
5.113388442849674531e-01
5.649853024030540016e-01
4.606714542987701555e-01
5.384132084931891882e-01
5.772667252277035033e-01
4.262980284105881146e-01
5.371621826337111827e-01
5.512335583234051484e-01
4.566333404596135126e-01
4.327928126602470504e-01
6.271518383222076665e-01
5.338186864062786086e-01
5.011075055397751221e-01
4.939909125334316919e-01
4.956679606096501822e-01
5.222951647299085565e-01
5.141871080698870999e-01
4.840971044300266812e-01
5.246585405419159631e-01
4.609076231497434839e-01
5.505327346580726200e-01
4.525859011051300285e-01
3.940556648531082784e-01
4.332679401846157852e-01
4.348102101663644525e-01
5.549446012253178573e-01
4.723104281132793347e-01
4.619291131591909405e-01
6.204777677219355247e-01
5.479878157671491667e-01
3.626942599542752332e-01
3.790305670557596596e-01
4.329013650898055898e-01
5.439372775698794182e-01
4.318958765536336508e-01
4.418119435392335315e-01
4.455208213071999990e-01
4.116783717631019579e-01
4.827801224478187603e-01
4.525974002149315001e-01
4.392886277576414367e-01
5.858550555771958601e-01
4.191113573734194242e-01
4.526497216438136184e-01
4.052569494054609200e-01
4.718893180567728662e-01
4.667920556529546183e-01
4.634766765269751621e-01
5.623182552641252663e-01
5.390635551731081110e-01
4.411265596362099473e-01
5.176075213732223013e-01
4.571777031305321315e-01
5.020829092485473710e-01
5.163886343761101561e-01
4.941006231911336810e-01
4.273719184195474696e-01
3.889395562406587903e-01
3.802583657191832001e-01
4.288351855827992054e-01
4.244165408256684868e-01
5.266292263391753048e-01
4.804226253769938726e-01
4.084059749230595782e-01
4.618657253188367950e-01
4.008697286010898253e-01
4.853143429601313175e-01
4.999036275487948600e-01
4.057099527148270712e-01
4.369075885836230522e-01
4.322778089382171562e-01
4.495792764224485483e-01
4.334454942263447630e-01
4.283194203082813512e-01
4.068148573466257578e-01
4.292448612353662041e-01
4.513960050103406063e-01
3.617909134836874152e-01
3.403171815871132710e-01
3.984904244635664172e-01
3.029286306637741788e-01
3.535527438665508893e-01
4.093756536120616851e-01
3.806207088624879997e-01
4.053430473338357487e-01
4.077484369344215320e-01
3.550080172181173666e-01
3.548972787968913689e-01
3.013464764982412003e-01
3.488955229129244717e-01
3.452662216019785069e-01
3.497185315933030725e-01
3.855512787450625645e-01
3.460496820713749311e-01
2.909554969876620989e-01
3.888590901449466841e-01
3.520695803096025034e-01
4.221135703978256548e-01
3.561292820448220819e-01
3.512384696551908991e-01
3.658521547959274756e-01
3.453176649512472163e-01
3.568215387907840430e-01
3.607970600496598901e-01
3.248214343227218137e-01
2.983688631944659275e-01
3.240441799709474768e-01
4.034790835973897649e-01
2.826970642450046256e-01
3.070410586843417833e-01
3.467706072053598487e-01
3.713662857007080653e-01
4.014179796335388128e-01
3.310964763316989190e-01
3.713952840630392327e-01
3.418211368833334318e-01
3.233096733310157345e-01
3.440073241555121619e-01
3.154459969749559001e-01
3.696345580462266356e-01
3.580011048569349819e-01
3.172523158600678572e-01
3.481977103186953970e-01
2.693811426746821058e-01
3.664986231451529686e-01
3.384129329576862077e-01
3.245254531370843631e-01
3.384194491163787233e-01
3.218228702084022785e-01
3.178831749669853157e-01
3.300696176307070795e-01
2.897481523805881531e-01
2.974575106984101991e-01
3.017118103129163842e-01
3.610212959927638354e-01
3.135175481748748161e-01
3.211875558385994811e-01
3.713515790240514147e-01
3.283041715678977068e-01
3.257037281665944861e-01
3.162244581177261482e-01
3.235854415466474787e-01
3.954761212835838924e-01
2.735263691024756305e-01
3.234278087439059757e-01
3.289244851909368661e-01
2.604982109241865129e-01
3.533398048727932617e-01
3.980720708036017963e-01
3.082291501723656846e-01
4.109968703654552358e-01
3.043538402458758618e-01
2.845628706544873210e-01
3.576878904844346119e-01
3.552395365197734134e-01
2.604026146218118565e-01
3.419511323088140209e-01
3.050047215607390449e-01
2.947802619132472435e-01
2.926952848555807729e-01
3.540254832722728451e-01
2.750857151988034266e-01
3.690061181992432271e-01
2.959599949356221393e-01
3.631561957184555323e-01
3.332339846530450456e-01
2.694146302516406966e-01
3.068143387566160118e-01
3.056320235617729919e-01
3.153481310472271426e-01
3.449934793309202830e-01
3.345674171994110768e-01
2.686195525126234274e-01
2.917563250528416585e-01
2.856831134860139954e-01
3.046566030915227596e-01
2.631663184182223003e-01
3.909169696629108959e-01
3.095365244657335979e-01
3.314453726698620706e-01
2.622735442780885218e-01
2.619513106970467464e-01
3.881011077771527318e-01
3.520278760834092413e-01
3.273271415077348423e-01
2.554899880209046681e-01
2.744017039001533376e-01
2.902227094559439724e-01
2.871755978521379205e-01
2.924355945604121265e-01
2.674304954276043311e-01
3.965320233780126324e-01
3.284510973535623712e-01
2.634095062476020654e-01
2.940351459526399092e-01
3.564709272026330700e-01
3.583918556810464784e-01
3.094464863653000331e-01
3.469603508660257796e-01
2.796037692548219433e-01
3.539909592484067336e-01
4.194322959985455346e-01
4.051807703488250478e-01
3.531319924420405765e-01
3.501686537428911894e-01
3.133004212744513461e-01
3.935379505502324404e-01
2.589308578208025513e-01
4.179452497460104388e-01
3.261186230357119298e-01
2.729319081403805969e-01
2.227702535904931280e-01
2.989634999232938517e-01
2.590258312384287054e-01
3.397780856639388558e-01
2.194364542400469853e-01
3.063009745027839847e-01
2.571254349265810202e-01
2.111792713441890124e-01
3.408618940467023073e-01
2.402948643813631047e-01
3.033134282150605765e-01
2.122749152505196968e-01
3.186712852562865184e-01
3.450891851682807432e-01
3.014823131290417235e-01
2.496266527349910169e-01
2.752554032945440099e-01
2.995894188644456779e-01
3.198493852064409615e-01
2.205878739760377127e-01
2.116579573683424198e-01
3.162499867014451072e-01
2.899725771458510626e-01
2.766642282857532109e-01
3.190570676457155641e-01
2.497550896266486631e-01
1.524344021692907170e-01
2.485571690590421268e-01
2.582325514157881030e-01
2.729979331140583998e-01
2.214413263738990167e-01
2.727466116282953879e-01
1.578693319476129897e-01
2.740409575814717336e-01
2.964562314207820348e-01
2.188232703699479753e-01
2.100238641726859257e-01
2.406623125784136674e-01
2.167946047034948753e-01
3.067575431758389204e-01
2.447162910537332980e-01
2.395907654072088611e-01
2.302122266059151989e-01
2.057425429702624542e-01
1.765970164931077724e-01
1.861462367362487491e-01
9.111764263091531868e-02
1.232657023408115782e-01
2.126149124152525438e-01
1.567518577599881224e-01
1.824952419611726162e-01
1.497000382505682681e-01
1.129627358909241208e-01
2.238039455128344457e-01
1.666459336270752767e-01
2.018325680130380051e-01
1.375239733483055449e-01
1.297184974894709242e-01
1.393911944367078048e-01
1.251178530750038376e-01
2.003924407564616206e-01
9.039369623961589217e-02
1.093270122953087786e-01
7.630859110780768839e-02
9.663772293155417636e-02
1.211888182217134152e-01
1.245567895928496593e-01
1.145684071120215697e-01
1.013189431049714984e-01
7.177234282656436148e-02
1.312535879442724984e-01
8.415122317433326726e-02
9.461292555436880136e-02
1.054651001587164488e-01
7.262652126262231222e-02
8.533546564576661997e-02
9.670751755472281608e-02
9.370390235840458937e-02
8.135512197944672064e-02
1.256577837537555808e-01
1.272477661794101655e-01
9.310053743636462209e-02
7.590226850492515220e-02
6.765552984733613773e-02
6.289123681326300175e-02
9.612054351047435996e-02
7.610602953635013657e-02
7.303575025966300982e-02
9.462495175333339448e-02
7.260250958914377106e-02
6.890330623127896570e-02
1.076937282267629858e-01
1.087022570098649110e-01
7.882353895169512403e-02
7.774195422149521306e-02
8.254107787395119356e-02
1.044427105005310830e-01
7.305555092142912432e-02
9.591595053549654970e-02
7.734341230112246057e-02
6.539022096632865488e-02
9.473353839963824519e-02
8.258665869779507895e-02
8.077906437039741872e-02
6.465374711926502593e-02
7.111291166020146381e-02
7.834198989458129869e-02
9.210082079443693281e-02
7.367226067943176415e-02
8.372807076444012397e-02
7.300106224465505167e-02
1.325796836193580130e-01
1.449115407443645753e-01
1.110017546548437567e-01
1.626967494455529573e-01
1.584575877540062017e-01
1.946038244227959457e-01
1.848368329954235001e-01
1.341181546207634301e-01
1.530240280475984316e-01
1.675709524034044162e-01
4.385296653635115671e-01
3.212679188421574406e-01
3.290324170586652608e-01
2.828882036523733268e-01
3.515536064177322007e-01
2.883219735150265861e-01
4.010432753039203102e-01
3.446955408656778852e-01
5.396232723657896635e-01
3.183456170495493343e-01
2.959841487641733382e-01
2.982420216695803594e-01
3.843768789226311711e-01
3.705395858154541533e-01
2.681391876821189735e-01
3.295973271751844180e-01
3.067817720407418625e-01
2.551781301453085460e-01
3.202551391143633741e-01
4.032458112271650741e-01
3.305057833516161225e-01
3.817670097444024746e-01
3.253379304828341589e-01
3.015965168787386741e-01
3.464736077214351506e-01
2.371759556653689482e-01
3.378133231439296447e-01
3.065464016858422402e-01
3.404454803862255741e-01
3.713710706865603894e-01
2.748054419939689463e-01
3.989024921979878457e-01
4.099825020331313574e-01
3.185097470237061579e-01
2.599516290130139962e-01
2.655628788159139497e-01
3.630208813464204098e-01
3.087372743774787764e-01
2.382642877768621215e-01
3.448227371205910829e-01
2.137806840910330408e-01
2.581872951848409592e-01
2.405186360728616690e-01
2.185812411028040247e-01
3.496634234524178542e-01
2.565087902951928012e-01
3.179565462983365842e-01
3.386366326842740193e-01
2.385678482917758525e-01
2.628363373031507577e-01
1.963906467574618175e-01
3.000402334217521227e-01
1.927288006668009812e-01
2.238422562253134240e-01
3.050045217668609365e-01
2.121055634437727655e-01
2.039730791592727632e-01
2.357768398387136699e-01
1.896997167761825254e-01
2.066408358194659900e-01
1.472863099299834555e-01
1.949784091152647891e-01
2.514306240597681263e-01
1.591441087070907257e-01
2.090207295359190476e-01
2.212716222529045318e-01
1.597142809592607127e-01
1.702978498294143161e-01
2.471351226245329102e-01
1.673452210246246519e-01
1.953112529304563139e-01
2.096964970149786944e-01
1.537571205769703298e-01
1.987517332753482580e-01
1.279964162953810825e-01
1.787626918309744295e-01
1.247188174470624800e-01
1.587877650983655353e-01
1.530940454489559954e-01
1.163540485476436681e-01
7.497076756938084174e-02
1.478670674793776951e-01
1.527944061706620338e-01
1.355610138339512771e-01
1.911304870661164890e-01
1.188025544618554752e-01
1.210142075317034577e-01
8.551147756305230163e-02
1.113769673970049640e-01
9.800694047459829195e-02
1.443216174955167241e-01
1.462917835660182964e-01
1.969938532365685113e-01
2.222413172589149943e-01
1.174387217550037499e-01
1.348475978914026874e-01
1.403275460765909533e-01
1.316062651944651662e-01
1.150445475146642249e-01
1.487454470744825896e-01
2.078433422260186902e-01
7.596903762876661137e-02
1.259730969968347880e-01
1.161047271059238162e-01
1.177218324481455192e-01
1.281827498256458142e-01
1.398733303134318540e-01
1.388051301536327997e-01
1.020647572109258661e-01
8.941930383064169985e-02
1.481730831068343579e-01
8.738952747473438532e-02
9.370609259215587072e-02
1.039618245574811806e-01
1.046287205921535290e-01
6.953148801451822236e-02
6.250320714904694652e-02
7.649256188050682082e-02
4.793461935240481142e-02
7.831497871219728069e-02
9.859920262828494875e-02
7.355158298207808976e-02
7.040378896549859267e-02
5.863243003623479221e-02
6.689658068523138268e-02
8.045936685810006761e-02
5.815310806618050055e-02
4.100108120032136538e-02
7.384760551163500886e-02
8.420888193740744265e-02
7.116209137446830035e-02
5.367333310437440164e-02
5.308216519863645511e-02
5.279055803233579508e-02
7.292024782404157857e-02
6.798571644425921434e-02
6.299105140828438476e-02
6.507429667187290823e-02
6.772303765550838350e-02
8.876515639063045637e-02
1.049431729366782640e-01
8.497558333847693435e-02
1.226064163005585600e-01
8.903356383409098684e-02
8.278681140899329938e-02
8.074447766523198955e-02
1.237545759570539694e-01
9.315810161256213306e-02
7.681103594998886508e-02
1.060953330532270478e-01
8.640915762755452256e-02
6.633580195642901911e-02
8.948486645516037785e-02
8.048353609656305752e-02
5.912827722952290754e-02
9.590025408361591008e-02
5.871468892489464103e-02
7.355357258878861271e-02
6.485313523162132554e-02
7.807878086949093799e-02
6.545875990368710262e-02
8.180720571579710998e-02
1.330946116381586664e-01
1.052099888908488712e-01
1.168454559359468348e-01
7.128411292419367662e-02
6.248113235491768724e-02
6.591137806350325090e-02
5.814370758134809747e-02
6.893899410429116248e-02
8.529951567971806592e-02
5.595203031628148693e-02
8.092795855651525871e-02
5.523621400817443905e-02
7.011626224597332369e-02
7.207540979441431905e-02
5.392426734141635841e-02
5.958538850530645942e-02
5.884912044089354866e-02
7.098846964816345195e-02
6.981658236675578055e-02
7.538582523711438721e-02
6.353249766342154714e-02
5.769052540835842291e-02
6.499440944792836405e-02
6.725178585871147141e-02
5.682438735892857140e-02
5.820912780533933628e-02
6.000969448855977828e-02
6.372816528548477799e-02
6.202053695809865708e-02
7.863083687471542071e-02
6.583338466453232674e-02
8.385234391004796339e-02
5.536336332386553732e-02
7.755975213754447151e-02
6.268161042451127207e-02
5.896175550034370855e-02
7.295610895859880318e-02
6.610338714369372315e-02
6.125702337505917194e-02
6.679771298747905206e-02
5.303881313499995281e-02
6.410179244815787658e-02
7.167794488639191164e-02
6.652607923742777374e-02
5.911099674216033217e-02
6.437607228280606275e-02
7.299936591261396712e-02
7.422002648880048070e-02
5.187652035501578995e-02
7.235864957753954108e-02
6.162637081990516436e-02
6.607076754465091017e-02
7.643596897931344281e-02
5.531323318281067269e-02
7.208058493910224351e-02
5.730187151073454221e-02
6.733766397934431991e-02
6.980356153236699779e-02
6.247495516022212592e-02
6.262323456264599908e-02
5.830894727171028608e-02
5.890497726863632572e-02
6.943593069285733388e-02
6.159934751362222682e-02
5.325141857752221930e-02
6.684759535041547018e-02
6.014472606361202789e-02
6.010039841466870841e-02
4.405294010832887242e-02
6.459075853621908114e-02
6.604836601166644283e-02
6.469565162963386573e-02
7.359454555070105153e-02
6.374161087710006335e-02
6.839601990182171687e-02
5.626294879444727892e-02
6.812795678630134688e-02
7.729247677148359807e-02
6.874986453744758030e-02
6.831292091514329368e-02
6.442550492079711366e-02
5.862584612438882792e-02
5.824074893343242354e-02
4.835768054367170499e-02
6.899368729235792752e-02
5.052747637375036571e-02
5.819581635693378552e-02
5.084702352971025990e-02
5.943348701087283747e-02
5.973511352158396986e-02
1.322838613159177945e-01
7.079783313814298762e-02
1.714416292325375291e-01
1.128681369871496060e-01
1.162607509915570131e-01
8.380962489364728041e-02
1.190712162114068856e-01
9.068251691069299791e-02
1.078652702119072687e-01
1.060815134668019466e-01
1.159832146556696586e-01
8.919034594784081005e-02
7.518422065284877109e-02
8.303048630240830730e-02
6.555250904768776532e-02
6.836784237475981851e-02
6.537993064991572123e-02
1.159980360665744392e-01
5.825487780864990750e-02
7.544073484943927821e-02
6.055663019294500043e-02
6.673599262378579478e-02
6.496367260078582395e-02
8.155022078642083783e-02
6.823770830090443440e-02
8.912319028764026374e-02
6.258678965956052109e-02
4.564934238792028864e-02
8.951410765386548507e-02
4.773764958224902683e-02
5.199167897436136887e-02
5.221771430120374091e-02
5.220416970550007668e-02
7.177592419488434961e-02
7.391561550472679210e-02
8.126976818383511991e-02
1.807816692001967263e-01
2.251985958277717692e-01
2.883379604031406362e-01
2.278738319971838622e-01
1.990761293260069897e-01
2.435440445795861997e-01
2.248641424273060130e-01
1.519436700431978926e-01
3.023856257512759216e-01
2.319865160167403073e-01
2.101389007293725242e-01
2.655745655890150436e-01
2.355686994443902393e-01
1.733120320855662810e-01
1.772682068812657941e-01
2.376180925461040538e-01
1.942588486175786111e-01
1.848180246000801497e-01
1.925883541609770822e-01
1.541847343110825941e-01
1.552025579863098304e-01
1.697664078333018800e-01
1.494667728171593102e-01
1.905226694372692542e-01
2.425534220020017784e-01
1.932768834579681183e-01
1.667657413578872982e-01
1.146106751963674869e-01
1.480060921199933266e-01
2.025165955010329033e-01
1.268486988879986566e-01
1.208671541630718660e-01
1.283095891444763215e-01
4.778992250591015956e-01
4.750142531268066737e-01
3.851519590569176810e-01
5.042655901780100924e-01
4.480664589712004542e-01
5.554845790854927579e-01
5.866135861830666931e-01
6.295605329437033992e-01
5.846232044239110248e-01
5.300493356686339919e-01
5.896964010824248259e-01
4.234255177426269334e-01
6.497396022229375845e-01
5.063575835289548799e-01
5.857541220546600425e-01
4.736828733184537121e-01
5.891831793792668970e-01
5.307893152978538920e-01
5.920120013410959947e-01
4.832382026540106290e-01
5.294429290038620284e-01
4.080945510610974880e-01
5.984751895782189912e-01
4.273219980689111908e-01
5.037112828139016507e-01
6.346140376688362839e-01
3.897863426085983463e-01
4.159955568455534491e-01
3.724208470429274387e-01
3.721033274916992761e-01
3.159149478513111342e-01
5.094119861983973374e-01
3.999895374698639317e-01
3.254276628788179693e-01
3.745876708130428945e-01
3.622336185092880911e-01
4.591170223881301249e-01
2.159486808377029943e-01
3.080158489344021477e-01
3.093895049505789308e-01
3.426346353989406790e-01
2.914893828313949720e-01
3.287926970787204972e-01
3.190534927625713335e-01
4.321268112966401564e-01
4.551280230594181853e-01
3.587030465341896068e-01
4.029895245450947350e-01
3.758374554891418806e-01
3.076402900324799461e-01
2.394689779936932383e-01
